000000000000000000111111111111111111111111111111000000000000000000000000
000000000000000000111111111111111111111111111111000000000000000000000000
000000000000000000111111111111111111111111111111000000000000000000000000
000000000000111111111111111111111111111111111111111111111111111111000000
000000000000111111111111111111111111111111111111111111111111111111000000
000000000000111111111111111111111111111111111111111111111111111111000000
000000000000222222222222222222333333333333222222333333000000000000000000
000000000000222222222222222222333333333333222222333333000000000000000000
000000000000222222222222222222333333333333222222333333000000000000000000
000000222222333333222222333333333333333333222222333333333333333333000000
000000222222333333222222333333333333333333222222333333333333333333000000
000000222222333333222222333333333333333333222222333333333333333333000000
000000222222333333222222222222333333333333333333222222333333333333333333
000000222222333333222222222222333333333333333333222222333333333333333333
000000222222333333222222222222333333333333333333222222333333333333333333
000000222222222222333333333333333333333333222222222222222222222222000000
000000222222222222333333333333333333333333222222222222222222222222000000
000000222222222222333333333333333333333333222222222222222222222222000000
000000000000000000333333333333333333333333333333333333333333000000000000
000000000000000000333333333333333333333333333333333333333333000000000000
000000000000000000333333333333333333333333333333333333333333000000000000
000000000000222222222222111111222222222222222222000000000000000000000000
000000000000222222222222111111222222222222222222000000000000000000000000
000000000000222222222222111111222222222222222222000000000000000000000000
000000222222222222222222111111222222222222222222222222222222222222000000
000000222222222222222222111111222222222222222222222222222222222222000000
000000222222222222222222111111222222222222222222222222222222222222000000
222222222222222222222222111111222222222222111111222222222222222222222222
222222222222222222222222111111222222222222111111222222222222222222222222
222222222222222222222222111111222222222222111111222222222222222222222222
333333333333222222111111333333111111111111333333111111222222333333333333
333333333333222222111111333333111111111111333333111111222222333333333333
333333333333222222111111333333111111111111333333111111222222333333333333
333333333333333333111111111111111111111111111111111111333333333333333333
333333333333333333111111111111111111111111111111111111333333333333333333
333333333333333333111111111111111111111111111111111111333333333333333333
333333333333111111111111111111111111111111111111111111111111333333333333
333333333333111111111111111111111111111111111111111111111111333333333333
333333333333111111111111111111111111111111111111111111111111333333333333
000000000000111111111111111111000000000000111111111111111111000000000000
000000000000111111111111111111000000000000111111111111111111000000000000
000000000000111111111111111111000000000000111111111111111111000000000000
000000222222222222222222000000000000000000000000222222222222222222000000
000000222222222222222222000000000000000000000000222222222222222222000000
000000222222222222222222000000000000000000000000222222222222222222000000
222222222222222222000000000000000000000000000000000000222222222222222222
222222222222222222000000000000000000000000000000000000222222222222222222
222222222222222222000000000000000000000000000000000000222222222222222222